8
8 8 16 0 4 4 4 4 4 4 4 
8 8 16 4 0 16 32 4 8 16 32 
8 8 16 4 16 0 16 4 16 4 16 
8 8 16 4 32 16 0 4 32 16 8 
8 8 16 4 4 4 4 0 4 4 4 
8 8 16 4 8 16 32 4 0 16 32 
8 8 16 4 16 4 16 4 16 0 16 
8 8 16 4 32 16 8 4 32 16 0 
2 1 128
2 2 128
2 3 128
2 4 128
2 5 128
2 6 128
2 7 128
2 8 128
1 1
1 2
1 3
1 4
1 5
1 6
1 7
1 8
32
4 1 32
4 2 32
4 3 32
4 4 32
4 5 32
4 6 32
4 7 32
4 8 32
4 1 32
4 2 32
4 3 32
4 4 32
4 5 32
4 6 32
4 7 32
4 8 32
4 1 32
4 2 32
4 3 32
4 4 32
4 5 32
4 6 32
4 7 32
4 8 32
4 1 32
4 2 32
4 3 32
4 4 32
4 5 32
4 6 32
4 7 32
4 8 32